.... 91 ...m

1990090090091 001 1 0010900100 au 0109 0101000 00 1101191
1119 0999 10 9911011101.

119 01111, 90109 109 9011199999, 19119 90011919 9 0101109119

119 90111 011110 011910011901, 11 091 9110910

1 ..11 1111101113..101111.110..11011
1 3..19 11199019- 091 1110011000 01190109 09019919019. Car 10 90110- ’
091119 0911990199919011090191019 0010190ος 91 00 01190100 , ·
1001 091 1901911901 119910 0901099911990.101911099191191109
0019910019 nu 9199119 19119οη00 909 19 9091119001 991101009; 11 x
9090119119 000 0109 9 909 0100109109 sans 99109110. Enfin', 10 - ·
, 099109190119190, 90 9000001001 19 9011191 1199 1911110,1109 leur 11. ·
1911 0911110 191101099ωο1911111090110 au 010900 9911011009,
10100001110110911999911100190919 . 1
1. 109 0901911900 90 09090111 0119991111 &institutioni Q
0191091. 1111111111 091000011ιο 1019191111. 1101111 1199019111
09191. ,
oxum-z 1. Le 1910191090 0101091991 1119 00191 0100 19 σοι
01010 91101199001-,9119-101 991 9110110990 1. 110919 0910100
901110009190919919119090001199190 0010101991109909. 3. 11110Ι
19 099 0000019001. 909 0009110119 100109οᾳ009 01 morales 100.
1019011911 11900191109.11. 1199111 au 001199110000111901 de 19
10010101-909919 9900091 1911019991 19 09019919009919, 9 91100
090 01 1901099909 (1011911 19 101,,01011.1911190191101111199
09991099, 990011190199011991019991199 19-101100110900119010 ’
191101090,·19;1010910019111009 01091991119011001111010191001 -
sous 19 9900911 1910099911 90 10911019 de 9919090, 00 01991191
0901 1990111 1111109111 11 10990 gage 090910919919991991911099 110
19 0119900111 modorum 109991 aux 9119,1019119 9091111999 11
1191091100 01 90 development 1101191911101109, il 911 1919,
019199100991111001191100 (19199091101101100, 19 90001100 0919.
01090090100110,11010101011001199 101900900091119011901910. -
00101 110 19 9901010, 99 91101901 19 morale il a 91191111 109 901199
9901919901 1099911099,11919119191119119010019991919011110,,,
0919101 109091191190000911900099 19911099 ’“191“90010110’,090,
1119111111910119 ’11110900111909110901190190990011999. -.
. nono, 10 0110191010 protasium 0000990119 099 plus 9110190110 s

 

